0.0000000000000000000000000  
0.6283019941676303288247141  
1.2565047721668740621225879  
1.8845091334967269958156066  
2.5122159089884776861367754  
3.1395259764656686662931406  
3.7663402763966362662984011  
4.3925598275371582346338073  
5.0180857425607445776449822  
5.6428192436740847170995039  
6.2666616782152129161431731  
6.8895145342319024095445457  
7.5112794560378528530009135  
8.1318582597441810833061027  
8.7511529487638011204353461  
9.3690657292862304927894002  
9.9854990257203510850558814  
10.6003554961027326442035701  
11.2135380474690595775655311  
11.8249498511862345395684315  
12.4344943582427394090927919  
13.0420753144948466939467835  
13.6475967758662584117246297  
14.2509631234988063397395308  
14.8520790788517462743811848  
15.4508497187473690104297930  
16.0471804903604784442450182  
16.6409772261493316136693466  
17.2321461587258539793765522  
17.8205939356625364666797395  
18.4062276342338968504463992  
18.9889547760900541106821038  
19.5686833418601224821031792  
20.1453217856831301446618454  
20.7187790496642065818377887  
21.2889645782536369722492964  
21.8557883325466484336629946  
22.4191608045016117500836117  
22.9789930310743919505966915  
23.5351966082666272939150076  
24.0876837050857659505709307  
24.6363670774145795405729586  
25.1811600817880396618875238  
25.7219766890753192001284333  
26.2587314980647796858193033  
26.7913397489498343873037811  
27.3197173367134560351132677  
27.8437808244093965015508729  
28.3634474563378269351687777  
28.8786351711133768560557655  
29.3892626146236572992620495  
29.8952491528759409789017809  
30.3965148847302728540853423  
30.8929806545167160436449194  
31.3845680645350242343738500  
31.8711994874344810568800312  
32.3527980784722117846285983  
32.8292877876478286225392367  
33.3005933717125799375935458  
33.7666404060512235218993737  
34.2273552964344318638723053  
34.6826652906402443932165625  
35.1324984899424563877801120  
35.5767838604642676614275842  
36.0154512443953436218180286  
36.4484313710705762900943228  
36.8756558679086978713712597  
37.2970572712091055223027070  
37.7125690368051849077346560  
38.1221255505723917167415493  
38.5256621387894639951809950  
38.9231150783511736790387658  
39.3144216068309475531350472  
39.6995199323917660194638302  
40.0783492435438262191382819  
40.4508497187473707867866324  
40.8169625358591972030808392  
41.1766298814213698165076494  
41.5297949597906281837822462  
41.8764020021070848542876774  
42.2163962751007559859317553  
42.5497240897345889720781997  
42.8763328096826157320720085  
43.1961708596417608418960299  
43.5091877334762813234192436  
43.8153340021931825276624295  
44.1145613217476650902426627  
44.4068224406772316115166177  
44.6920712075631811899256718  
44.9702625783185467867042462  
45.2413526233009761767789314  
45.5052985342497819942764181  
45.7620586310458747902885079  
46.0115923682935132887905638  
46.2538603417229055025927664  
46.4888242944125664735111059  
46.7164471228306013017572695  
46.9366928826937055418966338  
47.1495267946432221606301027  
47.3549152497372176640055841  
47.5528258147576750047846872  
47.7432272373321495706477435  
47.9260894508687940174240794  
48.1013835793042971999966539  
48.2690819416636927030594961  
48.4291580564315538026676222  
48.5815866457337008910144505  
48.7263436393288529302481038  
48.8634061784096758174200659  
48.9927526192123394821464899  
49.1143625364344273975802935  
49.2282167264602676937101933  
49.3342972103934016558923759  
49.4325872368957064395544876  
49.5230712848325609343191900  
49.6057350657238913527180557  
49.6805655260004215278968331  
49.7475508490650071280470002  
49.8066804571586274619221513  
49.8579450130306938149260532  
49.9013364214135748397893622  
49.9368478303008700436294021  
49.9644736320294597931024327  
49.9842094641649978825626022  
49.9960522101908040326634364  
50.0000000000000000000000000  
49.9960522101908040326634364  
49.9842094641649978825626022  
49.9644736320294597931024327  
49.9368478303008700436294021  
49.9013364214135748397893622  
49.8579450130306938149260532  
49.8066804571586274619221513  
49.7475508490650071280470002  
49.6805655260004215278968331  
49.6057350657238913527180557  
49.5230712848325609343191900  
49.4325872368956993341271300  
49.3342972103934016558923759  
49.2282167264602676937101933  
49.1143625364344273975802935  
48.9927526192123394821464899  
48.8634061784096687119927083  
48.7263436393288529302481038  
48.5815866457336937855870929  
48.4291580564315609080949798  
48.2690819416636998084868537  
48.1013835793042971999966539  
47.9260894508687940174240794  
47.7432272373321495706477435  
47.5528258147576821102120448  
47.3549152497372176640055841  
47.1495267946432292660574603  
46.9366928826937055418966338  
46.7164471228306084071846271  
46.4888242944125735789384635  
46.2538603417229055025927664  
46.0115923682935203942179214  
45.7620586310458818957158655  
45.5052985342497819942764181  
45.2413526233009761767789314  
44.9702625783185609975589614  
44.6920712075631954007803870  
44.4068224406772316115166177  
44.1145613217476650902426627  
43.8153340021931754222350719  
43.5091877334762813234192436  
43.1961708596417679473233875  
42.8763328096826086266446509  
42.5497240897345889720781997  
42.2163962751007488805043977  
41.8764020021070848542876774  
41.5297949597906352892096038  
41.1766298814213698165076494  
40.8169625358591900976534816  
40.4508497187473707867866324  
40.0783492435438404299929971  
39.6995199323917731248911878  
39.3144216068309546585624048  
38.9231150783511736790387658  
38.5256621387894639951809950  
38.1221255505724059275962645  
37.7125690368051991185893712  
37.2970572712091126277300646  
36.8756558679086978713712597  
36.4484313710705691846669652  
36.0154512443953507272453862  
35.5767838604642747668549418  
35.1324984899424563877801120  
34.6826652906402443932165625  
34.2273552964344389692996629  
33.7666404060512306273267313  
33.3005933717125799375935458  
32.8292877876478215171118791  
32.3527980784722117846285983  
31.8711994874344917150210676  
31.3845680645350277870875288  
30.8929806545167160436449194  
30.3965148847302621959443059  
29.8952491528759338734744233  
29.3892626146236608519757283  
28.8786351711133804087694443  
28.3634474563378198297414201  
27.8437808244093929488371941  
27.3197173367134631405406253  
26.7913397489498343873037811  
26.2587314980647796858193033  
25.7219766890753156474147545  
25.1811600817880290037464874  
24.6363670774145795405729586  
24.0876837050857801614256459  
23.5351966082666379520560440  
22.9789930310743990560240491  
22.4191608045016153027972905  
21.8557883325466448809493158  
21.2889645782536440776766540  
20.7187790496642136872651463  
20.1453217856831372500892030  
19.5686833418601189293895004  
18.9889547760900683215368190  
18.4062276342339075085874356  
17.8205939356625400193934183  
17.2321461587258539793765522  
16.6409772261493245082419890  
16.0471804903604855496723758  
15.4508497187473761158571506  
14.8520790788517462743811848  
14.2509631234988027870258520  
13.6475967758662530826541115  
13.0420753144948520230173017  
12.4344943582427411854496313  
11.8249498511862292104979133  
11.2135380474690506957813341  
10.6003554961027397496309277  
9.9854990257203528614127208  
9.3690657292862287164325608  
8.7511529487637940150079885  
8.1318582597441668724513875  
7.5112794560378564057145923  
6.8895145342319015213661260  
6.2666616782152271269978883  
5.6428192436740935988837009  
5.0180857425607490185370807  
4.3925598275371573464553876  
3.7663402763966522535099557  
3.1395259764656788803449672  
2.5122159089884830152072936  
1.8845091334967267737710017  
1.2565047721668907154679573  
0.6283019941676417641218677  
0.0000000000000061232339957  
-0.6283019941676295516685968  
-1.2565047721668785030146864  
-1.8845091334967145613177308  
-2.5122159089884710247986277  
-3.1395259764656673340255111  
-3.7663402763966393749228700  
-4.3925598275371458001359315  
-5.0180857425607365840392049  
-5.6428192436740820525642448  
-6.2666616782152146925000125  
-6.8895145342319104031503230  
-7.5112794560378430830382968  
-8.1318582597441757542355845  
-8.7511529487638046731490249  
-9.3690657292862375982167578  
-9.9854990257203617431969178  
-10.6003554961027273151330519  
-11.2135380474690595775655311  
-11.8249498511862398686389497  
-12.4344943582427500672338283  
-13.0420753144948413648762653  
-13.6475967758662601880814691  
-14.2509631234988116688100490  
-14.8520790788517551561653818  
-15.4508497187473867739981870  
-16.0471804903604748915313394  
-16.6409772261493351663830254  
-17.2321461587258610848039098  
-17.8205939356625471248207759  
-18.4062276342339146140147932  
-18.9889547760900576633957826  
-19.5686833418601295875305368  
-20.1453217856831443555165606  
-20.7187790496642243454061827  
-21.2889645782536334195356176  
-21.8557883325466519863766734  
-22.4191608045016259609383269  
-22.9789930310744061614514067  
-23.5351966082666095303466136  
-24.0876837050857481870025367  
-24.6363670774145688824319222  
-25.1811600817880183456054510  
-25.7219766890753049892737181  
-26.2587314980647690276782669  
-26.7913397489498201764490659  
-27.3197173367134489296859101  
-27.8437808244093822906961577  
-28.3634474563378091716003837  
-28.8786351711133697506284079  
-29.3892626146236501938346919  
-29.8952491528759232153333869  
-30.3965148847302515378032695  
-30.8929806545167053855038830  
-31.3845680645350171289464924  
-31.8711994874344810568800312  
-32.3527980784721975737738831  
-32.8292877876478073062571639  
-33.3005933717125728321661882  
-33.7666404060512164164720161  
-34.2273552964344389692996629  
-34.6826652906402372877892049  
-35.1324984899424563877801120  
-35.5767838604642676614275842  
-36.0154512443953436218180286  
-36.4484313710705691846669652  
-36.8756558679086836605165445  
-37.2970572712091055223027070  
-37.7125690368051849077346560  
-38.1221255505723917167415493  
-38.5256621387894711006083526  
-38.9231150783511807844661234  
-39.3144216068309262368529744  
-39.6995199323917589140364726  
-40.0783492435438191137109243  
-40.4508497187473636813592748  
-40.8169625358591972030808392  
-41.1766298814213698165076494  
-41.5297949597906352892096038  
-41.8764020021070919597150350  
-42.2163962751007630913591129  
-42.5497240897346031829329149  
-42.8763328096826015212172933  
-43.1961708596417608418960299  
-43.5091877334762813234192436  
-43.8153340021931825276624295  
-44.1145613217476721956700203  
-44.4068224406772316115166177  
-44.6920712075631954007803870  
-44.9702625783185609975589614  
-45.2413526233009903876336466  
-45.5052985342497748888490605  
-45.7620586310458747902885079  
-46.0115923682935203942179214  
-46.2538603417229055025927664  
-46.4888242944125735789384635  
-46.7164471228306084071846271  
-46.9366928826937055418966338  
-47.1495267946432292660574603  
-47.3549152497372247694329417  
-47.5528258147576750047846872  
-47.7432272373321495706477435  
-47.9260894508687798065693642  
-48.1013835793042829891419387  
-48.2690819416636855976321385  
-48.4291580564315466972402646  
-48.5815866457336937855870929  
-48.7263436393288529302481038  
-48.8634061784096687119927083  
-48.9927526192123394821464899  
-49.1143625364344345030076511  
-49.2282167264602747991375509  
-49.3342972103933945504650183  
-49.4325872368956993341271300  
-49.5230712848325609343191900  
-49.6057350657238913527180557  
-49.6805655260004215278968331  
-49.7475508490650071280470002  
-49.8066804571586274619221513  
-49.8579450130306938149260532  
-49.9013364214135748397893622  
-49.9368478303008700436294021  
-49.9644736320294597931024327  
-49.9842094641649978825626022  
-49.9960522101908040326634364  
-50.0000000000000000000000000  
-49.9960522101908040326634364  
-49.9842094641649978825626022  
-49.9644736320294597931024327  
-49.9368478303008700436294021  
-49.9013364214135748397893622  
-49.8579450130306938149260532  
-49.8066804571586274619221513  
-49.7475508490650071280470002  
-49.6805655260004215278968331  
-49.6057350657238913527180557  
-49.5230712848325609343191900  
-49.4325872368956993341271300  
-49.3342972103934016558923759  
-49.2282167264602747991375509  
-49.1143625364344345030076511  
-48.9927526192123394821464899  
-48.8634061784096758174200659  
-48.7263436393288529302481038  
-48.5815866457337008910144505  
-48.4291580564315538026676222  
-48.2690819416636855976321385  
-48.1013835793042900945692963  
-47.9260894508687869119967218  
-47.7432272373321495706477435  
-47.5528258147576821102120448  
-47.3549152497372176640055841  
-47.1495267946432221606301027  
-46.9366928826937055418966338  
-46.7164471228305941963299119  
-46.4888242944125593680837483  
-46.2538603417228983971654088  
-46.0115923682935061833632062  
-45.7620586310458818957158655  
-45.5052985342497890997037757  
-45.2413526233009761767789314  
-44.9702625783185467867042462  
-44.6920712075631811899256718  
-44.4068224406772174006619025  
-44.1145613217476508793879475  
-43.8153340021931683168077143  
-43.5091877334762671125645284  
-43.1961708596417679473233875  
-42.8763328096826157320720085  
-42.5497240897346173937876301  
-42.2163962751007773022138281  
-41.8764020021071061705697502  
-41.5297949597906423946369614  
-41.1766298814213840273623646  
-40.8169625358592114139355544  
-40.4508497187473778922139900  
-40.0783492435438333245656395  
-39.6995199323917660194638302  
-39.3144216068309404477076896  
-38.9231150783511878898934810  
-38.5256621387894782060357102  
-38.1221255505724059275962645  
-37.7125690368051991185893712  
-37.2970572712091197331574222  
-36.8756558679087049767986173  
-36.4484313710705762900943228  
-36.0154512443953436218180286  
-35.5767838604642605560002266  
-35.1324984899424848094895424  
-34.6826652906402657094986353  
-34.2273552964344460747270205  
-33.7666404060512377327540889  
-33.3005933717125870430209034  
-32.8292877876478286225392367  
-32.3527980784722188900559559  
-31.8711994874344810568800312  
-31.3845680645350135762328136  
-30.8929806545167373599269922  
-30.3965148847302870649400575  
-29.8952491528759587424701749  
-29.3892626146236679574030859  
-28.8786351711133875141968019  
-28.3634474563378269351687777  
-27.8437808244093965015508729  
-27.3197173367134453769722313  
-26.7913397489498166237353871  
-26.2587314980647690276782669  
-25.7219766890753369636968273  
-25.1811600817880503200285602  
-24.6363670774145830932866374  
-24.0876837050857659505709307  
-23.5351966082666272939150076  
-22.9789930310743848451693339  
-22.4191608045016010919425753  
-21.8557883325466271173809218  
-21.2889645782536121032535448  
-20.7187790496642207926925039  
-20.1453217856831443555165606  
-19.5686833418601224821031792  
-18.9889547760900541106821038  
-18.4062276342338932977327204  
-17.8205939356625222558250243  
-17.2321461587258362158081582  
-16.6409772261493102973872737  
-16.0471804903604500225355878  
-15.4508497187473814449276688  
-14.8520790788517516034517030  
-14.2509631234988081160963702  
-13.6475967758662584117246297  
-13.0420753144948378121625865  
-12.4344943582427678308022223  
-11.8249498511862576322073437  
-11.2135380474690773411339251  
-10.6003554961027450787014459  
-9.9854990257203599668400784  
-9.3690657292862340455030790  
-8.7511529487638011204353461  
-8.1318582597442166104428907  
-7.5112794560378839392456030  
-6.8895145342319290548971367  
-6.2666616782152324560684065  
-5.6428192436740998161326388  
-5.0180857425607543476075989  
-4.3925598275371635637043255  
-3.7663402763966362662984011  
-3.1395259764656633372226224  
-2.5122159089885109928275142  
-1.8845091334967551954804321  
-1.2565047721668969327168952  
-0.6283019941676479813708056  
-0.0000000000000122464679915  
0.6283019941676234454419614  
1.2565047721668722857657485  
1.8845091334967305485292854  
2.5122159089884870120101823  
3.1395259764656389123160807  
3.7663402763966109532134396  
4.3925598275371395828869936  
5.0180857425607303667902670  
5.6428192436740758353153069  
6.2666616782152084752510746  
6.8895145342319050740798048  
7.5112794560378599584282711  
8.1318582597441935178039785  
8.7511529487637762514395945  
9.3690657292862109528641668  
9.9854990257203350978443268  
10.6003554961027219860625337  
11.2135380474690542484950129  
11.8249498511862345395684315  
12.4344943582427447381633101  
13.0420753144948555757309805  
13.6475967758662779516498631  
14.2509631234988276560216036  
14.8520790788517285108127908  
15.4508497187473583522887566  
16.0471804903604677861039818  
16.6409772261493316136693466  
17.2321461587258539793765522  
17.8205939356625435721070971  
18.4062276342339110613011144  
18.9889547760900718742504978  
19.5686833418601437983852520  
20.1453217856831194865208090  
20.7187790496641994764104311  
21.2889645782536263141082600  
21.8557883325466484336629946  
22.4191608045016188555109693  
22.9789930310744061614514067  
23.5351966082666415047697228  
24.0876837050857837141393247  
24.6363670774146044095687103  
25.1811600817880361091738450  
25.7219766890753156474147545  
26.2587314980647867912466609  
26.7913397489498343873037811  
27.3197173367134631405406253  
27.8437808244094142651192669  
28.3634474563378411460234929  
28.8786351711133981723378383  
29.3892626146236786155441223  
29.8952491528759729533248901  
30.3965148847302693013716635  
30.8929806545167231490722770  
31.3845680645350277870875288  
31.8711994874344988204484252  
32.3527980784722259954833135  
32.8292877876478428333939519  
33.3005933717126083593029762  
33.7666404060512448381814465  
34.2273552964344673910090933  
34.6826652906402443932165625  
35.1324984899424634932074696  
35.5767838604642747668549418  
36.0154512443953578326727438  
36.4484313710705976063763956  
36.8756558679087120822259749  
37.2970572712091268385847798  
37.7125690368052133294440864  
38.1221255505724201384509797  
38.5256621387894639951809950  
38.9231150783511807844661234  
39.3144216068309546585624048  
39.6995199323917802303185454  
40.0783492435438404299929971  
40.4508497187473921030687052  
40.8169625358592185193629120  
41.1766298814213485002255766  
41.5297949597906139729275310  
41.8764020021070635380056046  
42.2163962751007346696496825  
42.5497240897345818666508421  
42.8763328096826015212172933  
43.1961708596417608418960299  
43.5091877334762600071371708  
43.8153340021931541059529991  
44.1145613217476437739605899  
44.4068224406772102952345449  
44.6920712075631740844983142  
44.9702625783185396812768886  
45.2413526233009690713515738  
45.5052985342497748888490605  
45.7620586310458676848611503  
46.0115923682934990779358486  
46.2538603417228841863106936  
46.4888242944125593680837483  
46.7164471228305870909025543  
46.9366928826936913310419186  
47.1495267946432150552027451  
47.3549152497372034531508689  
47.5528258147576750047846872  
47.7432272373321495706477435  
47.9260894508687798065693642  
48.1013835793042829891419387  
48.2690819416636855976321385  
48.4291580564315466972402646  
48.5815866457336866801597353  
48.7263436393288529302481038  
48.8634061784096687119927083  
48.9927526192123394821464899  
49.1143625364344273975802935  
49.2282167264602676937101933  
49.3342972103933945504650183  
49.4325872368956993341271300  
49.5230712848325609343191900  
49.6057350657238913527180557  
49.6805655260004215278968331  
49.7475508490650071280470002  
49.8066804571586274619221513  
49.8579450130306938149260532  
49.9013364214135748397893622  
49.9368478303008700436294021  
49.9644736320294597931024327  
49.9842094641649978825626022  
49.9960522101908040326634364  
50.0000000000000000000000000  
49.9960522101908040326634364  
49.9842094641649978825626022  
49.9644736320294597931024327  
49.9368478303008700436294021  
49.9013364214135748397893622  
49.8579450130306938149260532  
49.8066804571586274619221513  
49.7475508490650071280470002  
49.6805655260004215278968331  
49.6057350657238913527180557  
49.5230712848325609343191900  
49.4325872368957064395544876  
49.3342972103934016558923759  
49.2282167264602747991375509  
49.1143625364344273975802935  
48.9927526192123465875738475  
48.8634061784096687119927083  
48.7263436393288600356754614  
48.5815866457337079964418081  
48.4291580564315538026676222  
48.2690819416637069139142113  
48.1013835793042900945692963  
47.9260894508688011228514370  
47.7432272373321424652203859  
47.5528258147576821102120448  
47.3549152497372034531508689  
47.1495267946432292660574603  
46.9366928826937197527513490  
46.7164471228306013017572695  
46.4888242944125806843658211  
46.2538603417228983971654088  
46.0115923682935274996452790  
45.7620586310458676848611503  
45.5052985342497890997037757  
45.2413526233009619659242162  
44.9702625783185538921316038  
44.6920712075631669790709566  
44.4068224406772245060892601  
44.1145613217476793010973779  
43.8153340021931683168077143  
43.5091877334762884288466012  
43.1961708596417537364686723  
42.8763328096826157320720085  
42.5497240897345676557961269  
42.2163962751007559859317553  
41.8764020021070564325782470  
41.5297949597906210783548886  
41.1766298814213840273623646  
40.8169625358591829922261240  
40.4508497187473778922139900  
40.0783492435438120082835667  
39.6995199323917660194638302  
39.3144216068309191314256168  
38.9231150783511665736114082  
38.5256621387894284680442070  
38.1221255505723846113141917  
37.7125690368052133294440864  
37.2970572712090913114479918  
36.8756558679087049767986173  
36.4484313710705478683848924  
36.0154512443953436218180286  
35.5767838604642321342907962  
35.1324984899424563877801120  
34.6826652906402088660797745  
34.2273552964344176530175901  
33.7666404060512377327540889  
33.3005933717125586213114730  
32.8292877876478286225392367  
32.3527980784721833629191678  
31.8711994874344881623073888  
31.3845680645349851545233832  
30.8929806545167124909312406  
30.3965148847302195633801603  
29.8952491528759232153333869  
29.3892626146236679574030859  
28.8786351711133519870600139  
28.3634474563378304878824565  
27.8437808244093645271277637  
27.3197173367135235366731649  
26.7913397489498592562995327  
26.2587314980648471873792005  
25.7219766890753440691241849  
25.1811600817880965053063846  
24.6363670774145901987139951  
24.0876837050858121358487551  
23.5351966082666308466286864  
22.9789930310744310304471583  
22.4191608045016863570708665  
21.8557883325466733026587463  
21.2889645782536973683818360  
20.7187790496642278981198615  
20.1453217856831869880807062  
19.5686833418601295875305368  
18.9889547760901002959599282  
18.4062276342339004031600780  
17.8205939356625719938165275  
17.2321461587258433212355158  
16.6409772261493600353787770  
16.0471804903605388403775578  
15.4508497187473885503550264  
14.8520790788517977887295274  
14.2509631234988134451668884  
13.6475967758663045970024541  
13.0420753144948449175899441  
12.4344943582427749362295799  
11.8249498511862203287137163  
11.2135380474690826702044433  
10.6003554961027948166929491  
9.9854990257203652959105966  
9.3690657292862837834945822  
8.7511529487638064495058643  
8.1318582597442219395134089  
7.5112794560378466357519756  
6.8895145342319361603244943  
6.2666616782151951525747791  
5.6428192436741060333815767  
5.0180857425608049737775218  
4.3925598275371697809532634  
3.7663402763966860042899043  
3.1395259764656695544715603  
2.5122159089885172100764521  
1.8845091334967165597191752  
1.2565047721669029279212282  
0.6283019941676096786764560  
0.0000000000000183697019872  
-0.6283019941675729302943409  
-1.2565047721668660685168106  
-1.8845091334966801444039675  
-2.5122159089884807947612444  
-3.1395259764656326950671428  
-3.7663402763966491448854867  
-4.3925598275371333656380557  
-5.0180857425607685584623141  
-5.6428192436740696180663690  
-6.2666616782151587372595714  
-6.8895145342318979686524472  
-7.5112794560378102204367678  
-8.1318582597441864123766209  
-8.7511529487637691460122369  
-9.3690657292862482563577942  
-9.9854990257203297687738086  
-10.6003554961027592895561611  
-11.2135380474690471430676553  
-11.8249498511861848015769283  
-12.4344943582427376327359525  
-13.0420753144948076140963167  
-13.6475967758662726225793449  
-14.2509631234987779180301004  
-14.8520790788517658143064182  
-15.4508497187473530232182384  
-16.0471804903605033132407698  
-16.6409772261493245082419890  
-17.2321461587258077940987278  
-17.8205939356625364666797395  
-18.4062276342338613233096112  
-18.9889547760900683215368190  
-19.5686833418600976131074276  
-20.1453217856831550136575970  
-20.7187790496641923709830735  
-21.2889645782536618412450480  
-21.8557883325466413282356370  
-22.4191608045016543826477573  
-22.9789930310743990560240491  
-23.5351966082665988722055772  
-24.0876837050857766087119671  
-24.6363670774145582242908858  
-25.1811600817880680835969542  
-25.7219766890753085419873969  
-26.2587314980648187656697701  
-26.7913397489498272818764235  
-27.3197173367134951149637345  
-27.8437808244094071596919093  
-28.3634474563377985134593473  
-28.8786351711133981723378383  
-29.3892626146236395356936555  
-29.8952491528759694006112113  
-30.3965148847302621959443059  
-30.8929806545167480180680286  
-31.3845680645350242343738500  
-31.8711994874345272421578557  
-32.3527980784722188900559559  
-32.8292877876478073062571639  
-33.3005933717126012538756186  
-33.7666404060512093110446585  
-34.2273552964344602855817357  
-34.6826652906402443932165625  
-35.1324984899424919149169000  
-35.5767838604642747668549418  
-36.0154512443953791489548166  
-36.4484313710705905009490380  
-36.8756558679086765550891869  
-37.2970572712091268385847798  
-37.7125690368051849077346560  
-38.1221255505724201384509797  
-38.5256621387894568897536374  
-38.9231150783512021007481962  
-39.3144216068309546585624048  
-39.6995199323918015466006182  
-40.0783492435438404299929971  
-40.4508497187473636813592748  
-40.8169625358592114139355544  
-41.1766298814213698165076494  
-41.5297949597906566054916766  
-41.8764020021070848542876774  
-42.2163962751007844076411857  
-42.5497240897345960775055573  
-42.8763328096826441537814389  
-43.1961708596417324201865995  
-43.5091877334762742179918860  
-43.8153340021931541059529991  
-44.1145613217476579848153051  
-44.4068224406772102952345449  
-44.6920712075631527682162414  
-44.9702625783185396812768886  
-45.2413526233009477550695010  
-45.5052985342497748888490605  
-45.7620586310458534740064351  
-46.0115923682935132887905638  
-46.2538603417228770808833360  
-46.4888242944125664735111059  
-46.7164471228305870909025543  
-46.9366928826937055418966338  
-47.1495267946432150552027451  
-47.3549152497371892422961537  
-47.5528258147576678993573296  
-47.7432272373321282543656707  
-47.9260894508687940174240794  
-48.1013835793042829891419387  
-48.2690819416636927030594961  
-48.4291580564315466972402646  
-48.5815866457337008910144505  
-48.7263436393288529302481038  
-48.8634061784096545011379931  
-48.9927526192123394821464899  
-49.1143625364344273975802935  
-49.2282167264602676937101933  
-49.3342972103933945504650183  
-49.4325872368957064395544876  
-49.5230712848325538288918324  
-49.6057350657238913527180557  
-49.6805655260004215278968331  
-49.7475508490650000226196426  
-49.8066804571586203564947937  
-49.8579450130306938149260532  
-49.9013364214135748397893622  
-49.9368478303008700436294021  
-49.9644736320294597931024327  
-49.9842094641649978825626022  
-49.9960522101908040326634364  
-50.0000000000000000000000000  
-49.9960522101908040326634364  
-49.9842094641649978825626022  
-49.9644736320294668985297903  
-49.9368478303008700436294021  
-49.9013364214135748397893622  
-49.8579450130306938149260532  
-49.8066804571586274619221513  
-49.7475508490650000226196426  
-49.6805655260004215278968331  
-49.6057350657238984581454133  
-49.5230712848325609343191900  
-49.4325872368957064395544876  
-49.3342972103934016558923759  
-49.2282167264602747991375509  
-49.1143625364344273975802935  
-48.9927526192123465875738475  
-48.8634061784096687119927083  
-48.7263436393288600356754614  
-48.5815866457337079964418081  
-48.4291580564315609080949798  
-48.2690819416637069139142113  
-48.1013835793042900945692963  
-47.9260894508688011228514370  
-47.7432272373321424652203859  
-47.5528258147576892156394024  
-47.3549152497372034531508689  
-47.1495267946432292660574603  
-46.9366928826937197527513490  
-46.7164471228306013017572695  
-46.4888242944125806843658211  
-46.2538603417228983971654088  
-46.0115923682935274996452790  
-45.7620586310458676848611503  
-45.5052985342497962051311333  
-45.2413526233009619659242162  
-44.9702625783185538921316038  
-44.6920712075631740844983142  
-44.4068224406772245060892601  
-44.1145613217476793010973779  
-43.8153340021931754222350719  
-43.5091877334762955342739588  
-43.1961708596417537364686723  
-42.8763328096826228374993661  
-42.5497240897345747612234845  
-42.2163962751007559859317553  
-41.8764020021070635380056046  
-41.5297949597906281837822462  
-41.1766298814213911327897222  
-40.8169625358591829922261240  
-40.4508497187473849976413476  
-40.0783492435438120082835667  
-39.6995199323917731248911878  
-39.3144216068309262368529744  
-38.9231150783511736790387658  
-38.5256621387894284680442070  
-38.1221255505723917167415493  
-37.7125690368052133294440864  
-37.2970572712090913114479918  
-36.8756558679087049767986173  
-36.4484313710705549738122500  
-36.0154512443953507272453862  
-35.5767838604642392397181538  
-35.1324984899424563877801120  
-34.6826652906402159715071321  
-34.2273552964344247584449477  
-33.7666404060512377327540889  
-33.3005933717125586213114730  
-32.8292877876478286225392367  
-32.3527980784721904683465254  
-31.8711994874344881623073888  
-31.3845680645349887072370620  
-30.8929806545167124909312406  
-30.3965148847302231160938391  
-29.8952491528759303207607445  
-29.3892626146236750628304435  
-28.8786351711133590924873715  
-28.3634474563378375933098141  
-27.8437808244093716325551213  
-27.3197173367134560351132677  
-26.7913397489497882020259567  
-26.2587314980647796858193033  
-25.7219766890752694621369301  
-25.1811600817880218983191298  
-24.6363670774145937514276739  
-24.0876837050858156885624339  
-23.5351966082666379520560440  
-22.9789930310744345831608371  
-22.4191608045016934624982241  
-21.8557883325466804080861039  
-21.2889645782537009210955148  
-20.7187790496642314508335403  
-20.1453217856831940935080638  
-19.5686833418601366929578944  
-18.9889547760901038486736070  
-18.4062276342339039558737568  
-17.8205939356625755465302063  
-17.2321461587258468739491946  
-16.6409772261493635880924558  
-16.0471804903605423930912366  
-15.4508497187473956557823840  
-14.8520790788518066705137244  
-14.2509631234988187742374066  
-13.6475967758663117024298117  
-13.0420753144948502466604623  
-12.4344943582427802653000981  
-11.8249498511862274341410739  
-11.2135380474690897756318009  
-10.6003554961028001457634673  
-9.9854990257203706249811148  
-9.3690657292862891125651004  
-8.7511529487638117785763825  
-8.1318582597442290449407665  
-7.5112794560378519648224938  
-6.8895145342319414893950125  
-6.2666616782152004816452973  
-5.6428192436741113624520949  
-5.0180857425608111910264597  
-4.3925598275371759982022013  
-3.7663402763966922215388422  
-3.1395259764656757717204982  
-2.5122159089885234273253900  
-1.8845091334967229990127180  
-1.2565047721669089231255612  
-0.6283019941676157849030915  
-0.0000000000000244929359829  
0.6283019941675668240677055  
1.2565047721668600733124777  
1.8845091334967627449969996  
2.5122159089884745775123065  
3.1395259764655376599762349  
3.7663402763966438158149685  
4.3925598275372159662310878  
5.0180857425607623412133762  
5.6428192436739754711538808  
6.2666616782151516318322138  
6.8895145342319805692454793  
7.5112794560378031150094102  
8.1318582597440922654641327  
8.7511529487637638169417187  
9.3690657292862429272872760  
9.9854990257203226633464510  
10.6003554961026669190005123  
11.2135380474690418139971371  
11.8249498511862665139915407  
12.4344943582427323036654343  
13.0420753144948022850257985  
13.6475967758662637407951479  
14.2509631234988578540878734  
14.8520790788517604852359000  
15.4508497187472606526625896  
16.0471804903604962078134122  
16.6409772261494026679429226  
17.2321461587258042413850490  
17.8205939356624476488377695  
18.4062276342338577705959324  
18.9889547760901429285240738  
19.5686833418600905076800700  
20.1453217856830661958156270  
20.7187790496641888182693947  
21.2889645782536582885313692  
21.8557883325466342228082794  
22.4191608045015655648057873  
22.9789930310743919505966915  
23.5351966082666734791928320  
24.0876837050857730559982883  
24.6363670774145546715772070  
25.1811600817879082114814082  
25.7219766890752339350001421  
26.2587314980648116602424125  
26.7913397489497491221754899  
27.3197173367133387955618673  
27.8437808244093325527046545  
28.3634474563377914080319897  
28.8786351711133200126369047  
29.3892626146235613759927219  
29.8952491528758912409102777  
30.3965148847302586432306271  
30.8929806545166769637944526  
31.3845680645349496273865952  
31.8711994874344526351706008  
32.3527980784722188900559559  
32.8292877876478002008298063  
33.3005933717124591453284665  
33.7666404060512093110446585  
34.2273552964344531801543781  
34.6826652906401733389429864  
35.1324984899423569117971056  
35.5767838604642037125813658  
36.0154512443953791489548166  
36.4484313710705194466754619  
36.8756558679086197116703261  
37.2970572712090628897385614  
37.7125690368051778023072984  
38.1221255505723561896047613  
38.5256621387894000463347766  
38.9231150783511381519019778  
39.3144216068309475531350472  
39.6995199323917447031817574  
40.0783492435437338485826331  
40.4508497187473565759319172  
40.8169625358592114139355544  
41.1766298814213627110802918  
41.5297949597905500240813126  
41.8764020021070351162961742  
42.2163962751007773022138281  
42.5497240897345463395140541  
42.8763328096825517832257901  
43.1961708596417324201865995  
43.5091877334762742179918860  
43.8153340021931541059529991  
44.1145613217476153522511595  
44.4068224406772031898071873  
44.6920712075631882953530294  
44.9702625783185325758495310  
45.2413526233009406496421434  
45.5052985342497748888490605  
45.7620586310458890011432231  
46.0115923682935061833632062  
46.2538603417228486591739056  
46.4888242944125664735111059  
46.7164471228306155126119847  
46.9366928826937055418966338  
47.1495267946431795280659571  
47.3549152497371892422961537  
47.5528258147576963210667600  
47.7432272373321282543656707  
47.9260894508687655957146490  
48.1013835793042829891419387  
48.2690819416636927030594961  
48.4291580564315395918129070  
48.5815866457336795747323777  
48.7263436393288529302481038  
48.8634061784096758174200659  
48.9927526192123394821464899  
49.1143625364344273975802935  
49.2282167264602676937101933  
49.3342972103934087613197335  
49.4325872368956993341271300  
49.5230712848325396180371172  
49.6057350657238913527180557  
49.6805655260004286333241907  
49.7475508490650000226196426  
49.8066804571586132510674361  
49.8579450130306938149260532  
49.9013364214135819452167198  
49.9368478303008700436294021  
49.9644736320294597931024327  
49.9842094641649978825626022  
49.9960522101908040326634364  
50.0000000000000000000000000  
49.9960522101908040326634364  
49.9842094641649978825626022  
49.9644736320294597931024327  
49.9368478303008700436294021  
49.9013364214135890506440774  
49.8579450130306938149260532  
49.8066804571586203564947937  
49.7475508490650071280470002  
49.6805655260004286333241907  
49.6057350657238984581454133  
49.5230712848325467234644748  
49.4325872368957064395544876  
49.3342972103934158667470911  
49.2282167264602747991375509  
49.1143625364344273975802935  
48.9927526192123465875738475  
48.8634061784096900282747811  
48.7263436393288600356754614  
48.5815866457336866801597353  
48.4291580564315609080949798  
48.2690819416637069139142113  
48.1013835793042971999966539  
47.9260894508687798065693642  
47.7432272373321424652203859  
47.5528258147577176373488328  
47.3549152497372034531508689  
47.1495267946432008443480299  
46.9366928826937268581787066  
46.7164471228306368288940575  
46.4888242944125877897931787  
46.2538603417228699754559784  
46.0115923682935274996452790  
45.7620586310459103174252959  
45.5052985342497962051311333  
45.2413526233009690713515738  
44.9702625783185609975589614  
44.6920712075632096116351022  
44.4068224406772316115166177  
44.1145613217476437739605899  
43.8153340021931825276624295  
43.5091877334763026397013164  
43.1961708596417608418960299  
42.8763328096826725754908693  
42.5497240897345818666508421  
42.2163962751008057239232585  
41.8764020021071630139886111  
41.5297949597906850272011070  
41.1766298814213982382170798  
40.8169625358592398356449849  
40.4508497187474418410602084  
40.0783492435438688517024275  
39.6995199323917731248911878  
39.3144216068309759748444776  
38.9231150783512305224576266  
38.5256621387894924168904254  
38.1221255505723917167415493  
37.7125690368052133294440864  
37.2970572712092192091404286  
36.8756558679087120822259749  
36.4484313710705549738122500  
36.0154512443954217815189622  
35.5767838604643671374105907  
35.1324984899425274420536880  
34.6826652906402159715071321  
34.2273552964344887072911661  
33.7666404060513158924550225  
33.3005933717126367810124066  
32.8292877876478357279665943  
32.3527980784722615226201015  
31.8711994874345663220083225  
31.3845680645350633142243169  
30.8929806545167160436449194  
30.3965148847303012757947727  
29.8952491528760795347352541  
29.3892626146236786155441223  
28.8786351711133661979147291  
28.3634474563378411460234929  
27.8437808244095208465296309  
27.3197173367135341948142013  
26.7913397489497953074533143  
26.2587314980648578455202369  
25.7219766890754328869661549  
25.1811600817881071634474210  
24.6363670774146008568550315  
24.0876837050858227939897915  
23.5351966082667196644706564  
22.9789930310744416885881947  
22.4191608045016188555109693  
21.8557883325466839607997827  
21.2889645782537080265228724  
20.7187790496642385562608979  
20.1453217856831194865208090  
19.5686833418601402456715732  
18.9889547760901962192292558  
18.4062276342339110613011144  
17.8205939356624973868292727  
17.2321461587258539793765522  
16.6409772261494524059344258  
16.0471804903605494985185942  
15.4508497187473139433677716  
14.8520790788518119995842426  
14.2509631234989111447930554  
13.6475967758663188078571693  
13.0420753144948555757309805  
12.4344943582427855943706163  
11.8249498511863180283398833  
11.2135380474690968810591585  
10.6003554961027202097056943  
9.9854990257203777304084724  
9.3690657292862962179924580  
8.7511529487638188840037401  
8.1318582597441473325261541  
7.5112794560378590702498514  
6.8895145342320356363075007  
6.2666616782152075870726549  
5.6428192436740296500374825  
5.0180857425608165200969779  
4.3925598275372710332931092  
3.7663402763966984387877801  
3.1395259764655931711274661  
2.5122159089885296445743279  
1.8845091334968180341036259  
1.2565047721669151403744991  
0.6283019941676218911297269  
0.0000000000000306161699787  
-0.6283019941675607178410701  
-1.2565047721668540781081447  
-1.8845091334967565277480617  
-2.5122159089884683602633686  
-3.1395259764655318868165068  
-3.7663402763966375985660306  
-4.3925598275372097489821499  
-5.0180857425607561239644383  
-5.6428192436739692539049429  
-6.2666616782151463027616956  
-6.8895145342319743519965414  
-7.5112794560377977859388920  
-8.1318582597440869363936145  
-8.7511529487637567115143611  
-9.3690657292862358218599184  
-9.9854990257203173342759328  
-10.6003554961026598135731547  
-11.2135380474690364849266189  
-11.8249498511862594085641831  
-12.4344943582427251982380767  
-13.0420753144947969559552803  
-13.6475967758662584117246297  
-14.2509631234988525250173552  
-14.8520790788516681146802512  
-15.4508497187472553235920714  
-16.0471804903604891023860546  
-16.6409772261493102973872737  
-17.2321461587257971359576914  
-17.8205939356624440961240907  
-18.4062276342339359302968660  
-18.9889547760900541106821038  
-19.5686833418600869549663912  
-20.1453217856830626431019482  
-20.7187790496642634252566495  
-21.2889645782536511831040116  
-21.8557883325466306700946006  
-22.4191608045015620120921085  
-22.9789930310743066854684002  
-23.5351966082666663737654744  
-24.0876837050857659505709307  
-24.6363670774145475661498494  
-25.1811600817879792657549842  
-25.7219766890753760435472941  
-26.2587314980648081075287337  
-26.7913397489498166237353871  
-27.3197173367134098498354433  
-27.8437808244093254472772969  
-28.3634474563378660150192445  
-28.8786351711133875141968019  
-29.3892626146234832162917883  
-29.8952491528758841354829201  
-30.3965148847303261447905243  
-30.8929806545165988040935190  
-31.3845680645348785731130192  
-31.8711994874344490824569220  
-32.3527980784721478357823798  
-32.8292877876477291465562303  
-33.3005933717124591453284665  
-33.7666404060512022056173009  
-34.2273552964343892313081597  
-34.6826652906401662335156288  
-35.1324984899423569117971056  
-35.5767838604642605560002266  
-36.0154512443953152001085982  
-36.4484313710705194466754619  
-36.8756558679086055008156109  
-37.2970572712091197331574222  
-37.7125690368051778023072984  
-38.1221255505723490841774037  
-38.5256621387893929409074190  
-38.9231150783510813084831170  
-39.3144216068309404477076896  
-39.6995199323917447031817574  
-40.0783492435437764811467787  
-40.4508497187472997325130564  
-40.8169625358592114139355544  
-41.1766298814213627110802918  
-41.5297949597905997620728158  
-41.8764020021070351162961742  
-42.2163962751007773022138281  
-42.5497240897345889720781997  
-42.8763328096825944157899357  
-43.1961708596417253147592419  
-43.5091877334763097451286740  
-43.8153340021931896330897871  
-44.1145613217475727196870139  
-44.4068224406772031898071873  
-44.6920712075632309279171750  
-44.9702625783184899432853854  
-45.2413526233008980170779978  
-45.5052985342497677834217029  
-45.7620586310459174228526535  
-46.0115923682934777616537758  
-46.2538603417228486591739056  
-46.4888242944125664735111059  
-46.7164471228305870909025543  
-46.9366928826936700147598458  
-47.1495267946431795280659571  
-47.3549152497372176640055841  
-47.5528258147576678993573296  
-47.7432272373321282543656707  
-47.9260894508687655957146490  
-48.1013835793043043054240115  
-48.2690819416636927030594961  
-48.4291580564315395918129070  
-48.5815866457336795747323777  
-48.7263436393288316139660310  
-48.8634061784096758174200659  
-48.9927526192123394821464899  
-49.1143625364344202921529359  
-49.2282167264602463774281205  
-49.3342972103934087613197335  
-49.4325872368956993341271300  
-49.5230712848325538288918324  
-49.6057350657238842472906981  
-49.6805655260004286333241907  
-49.7475508490650071280470002  
-49.8066804571586203564947937  
-49.8579450130306938149260532  
-49.9013364214135819452167198  
-49.9368478303008771490567597  
-49.9644736320294526876750751  
-49.9842094641649978825626022  
-49.9960522101908040326634364  
-50.0000000000000000000000000  
-49.9960522101908040326634364  
-49.9842094641649978825626022  
-49.9644736320294597931024327  
-49.9368478303008771490567597  
-49.9013364214135890506440774  
-49.8579450130306938149260532  
-49.8066804571586274619221513  
-49.7475508490650142334743578  
-49.6805655260004357387515483  
-49.6057350657238913527180557  
-49.5230712848325680397465476  
-49.4325872368957064395544876  
-49.3342972103934158667470911  
-49.2282167264602605882828357  
-49.1143625364344345030076511  
-48.9927526192123465875738475  
-48.8634061784096900282747811  
-48.7263436393288458248207462  
-48.5815866457336937855870929  
-48.4291580564315609080949798  
-48.2690819416637140193415689  
-48.1013835793043185162787267  
-47.9260894508687798065693642  
-47.7432272373321495706477435  
-47.5528258147576892156394024  
-47.3549152497372389802876569  
-47.1495267946432008443480299  
-46.9366928826936984364692762  
-46.7164471228306084071846271  
-46.4888242944125877897931787  
-46.2538603417228699754559784  
-46.0115923682934990779358486  
-45.7620586310459458445620839  
-45.5052985342497962051311333  
-45.2413526233009264387874282  
-44.9702625783185183649948158  
-44.6920712075632522441992478  
-44.4068224406772316115166177  
-44.1145613217476011413964443  
-43.8153340021932251602265751  
-43.5091877334763452722654620  
-43.1961708596417608418960299  
-42.8763328096826299429267237  
-42.5497240897346244992149877  
-42.2163962751008057239232585  
-41.8764020021070635380056046  
-41.5297949597906352892096038  
-41.1766298814213982382170798  
-40.8169625358592469410723425  
-40.4508497187474418410602084  
-40.0783492435439256951212883  
-39.6995199323917802303185454  
-39.3144216068309830802718352  
-38.9231150783512305224576266  
-38.5256621387895492603092862  
-38.1221255505723917167415493  
-37.7125690368052204348714440  
-37.2970572712091623657215678  
-36.8756558679087760310721933  
-36.4484313710705691846669652  
-36.0154512443953578326727438  
-35.5767838604643102939917298  
-35.1324984899425345474810456  
-34.6826652906402159715071321  
-34.2273552964344389692996629  
-33.7666404060513869467285986  
-33.3005933717126367810124066  
-32.8292877876477788845477335  
-32.3527980784721975737738831  
-31.8711994874346373762818985  
-31.3845680645350668669379957  
-30.8929806545166556475123798  
-30.3965148847303758827820275  
-29.8952491528760866401626117  
-29.3892626146236857209714799  
-28.8786351711134443576156627  
-28.3634474563379193057244265  
-27.8437808244095243992433097  
-27.3197173367134666932543041  
-26.7913397489498770198679267  
-26.2587314980648649509475945  
-25.7219766890754364396798337  
-25.1811600817880361091738450  
-24.6363670774146044095687103  
-24.0876837050858263467034703  
-23.5351966082667267698980140  
-22.9789930310743670816009399  
-22.4191608045016224082246481  
-21.8557883325466910662271403  
-21.2889645782537151319502300  
-20.7187790496643238213891891  
-20.1453217856831230392344878  
-19.5686833418601473510989308  
-18.9889547760901180595283222  
-18.4062276342339998791430844  
-17.8205939356625080449703091  
-17.2321461587258610848039098  
-16.6409772261493742462334922  
-16.0471804903605530512322730  
-15.4508497187473192724382898  
-14.8520790788517320635264696  
-14.2509631234990017389918648  
-13.6475967758663241369276875  
-13.0420753144947756396732075  
-12.4344943582427056583128433  
-11.8249498511864121752523715  
-11.2135380474691022101296767  
-10.6003554961026402736479213  
-9.9854990257204701009641212  
-9.3690657292863903649049462  
-8.7511529487638242130742583  
-8.1318582597442397030818029  
-7.5112794560379514408055002  
-6.8895145342320409653780189  
-6.2666616782152129161431731  
-5.6428192436741237969499707  
-5.0180857425608227373459158  
-4.3925598275372772505420471  
-3.7663402763966158381947480  
-3.1395259764656873180399543  
-2.5122159089885358618232658  
-1.8845091334968238072633540  
-1.2565047721668325397814669  
-0.6283019941676279973563624  
-0.0000000000000367394039744  
0.6283019941675546116144346  
1.2565047721667590430172368  
1.8845091334967505325437287  
2.5122159089884621430144307  
3.1395259764656144874095389  
3.7663402763965425634751227  
4.3925598275372035317332120  
5.0180857425607499067155004  
5.6428192436740509663195553  
6.2666616782151409736911774  
6.8895145342319690229260232  
7.5112794560378794983535045  
8.1318582597441686488082269  
8.7511529487637513824438429  
9.3690657292863175342745308  
9.9854990257203990466905452  
10.6003554961025674430175059  
11.2135380474690293794992613  
11.8249498511863393446219561  
12.4344943582426346040392673  
13.0420753144947063617564709  
13.6475967758662530826541115  
14.2509631234987601544617064  
14.8520790788516627856097330  
15.4508497187472499945215532  
16.0471804903604855496723758  
16.6409772261493067446735949  
17.2321461587257900305303338  
17.8205939356624369906967331  
18.4062276342339288248695084  
18.9889547760900505579684250  
19.5686833418600798495390336  
20.1453217856830555376745906  
20.7187790496642563198292919  
21.2889645782534842055611080  
21.8557883325466235646672430  
22.4191608045015549066647509  
22.9789930310743031327547214  
23.5351966082665029489362496  
24.0876837050857588451435731  
24.6363670774145404607224918  
25.1811600817879721603276266  
25.7219766890752197241454269  
26.2587314980648010021013761  
26.7913397489498166237353871  
27.3197173367134062971217645  
27.8437808244093183418499393  
28.3634474563378589095918869  
28.8786351711133804087694443  
29.3892626146236253248389403  
29.8952491528758805827692413  
30.3965148847303190393631667  
30.8929806545165952513798402  
31.3845680645350135762328136  
31.8711994874344419770295644  
32.3527980784721478357823798  
32.8292877876477220411288727  
33.3005933717125799375935458  
33.7666404060511951001899433  
34.2273552964343821258808021  
34.6826652906401662335156288  
35.1324984899424777040621848  
35.5767838604642534505728690  
36.0154512443953080946812406  
36.4484313710705123412481043  
36.8756558679087262930806901  
37.2970572712091126277300646  
37.7125690368051706968799408  
38.1221255505723490841774037  
38.5256621387895066277451406  
38.9231150783510813084831170  
39.3144216068309404477076896  
39.6995199323917375977543998  
40.0783492435438830625571427  
40.4508497187472926270856988  
40.8169625358592043085081968  
41.1766298814213556056529342  
41.5297949597905926566454582  
41.8764020021070280108688166  
42.2163962751007701967864705  
42.5497240897345889720781997  
42.8763328096825873103625781  
43.1961708596417253147592419  
43.5091877334763097451286740  
43.8153340021931825276624295  
44.1145613217475727196870139  
44.4068224406771960843798297  
44.6920712075632238224898174  
44.9702625783184899432853854  
45.2413526233008980170779978  
45.5052985342497677834217029  
45.7620586310459174228526535  
46.0115923682934706562264182  
46.2538603417228415537465480  
46.4888242944125593680837483  
46.7164471228305799854751967  
46.9366928826936700147598458  
47.1495267946431795280659571  
47.3549152497372105585782265  
47.5528258147576678993573296  
47.7432272373321282543656707  
47.9260894508687584902872914  
48.1013835793043043054240115  
48.2690819416636855976321385  
48.4291580564315395918129070  
48.5815866457336795747323777  
48.7263436393288316139660310  
48.8634061784096758174200659  
48.9927526192123394821464899  
49.1143625364344202921529359  
49.2282167264602463774281205  
49.3342972103934087613197335  
49.4325872368956993341271300  
49.5230712848325538288918324  
49.6057350657238771418633405  
49.6805655260004286333241907  
49.7475508490650071280470002  
49.8066804571586203564947937  
49.8579450130306938149260532  
49.9013364214135819452167198  
49.9368478303008771490567597  
49.9644736320294526876750751  
49.9842094641649978825626022  
49.9960522101908040326634364  
50.0000000000000000000000000  
49.9960522101908040326634364  
49.9842094641650049879899598  
49.9644736320294597931024327  
49.9368478303008771490567597  
49.9013364214135890506440774  
49.8579450130306938149260532  
49.8066804571586274619221513  
49.7475508490650142334743578  
49.6805655260004357387515483  
49.6057350657238913527180557  
49.5230712848325680397465476  
49.4325872368957064395544876  
49.3342972103934158667470911  
49.2282167264602605882828357  
49.1143625364344345030076511  
48.9927526192123536930012051  
48.8634061784096900282747811  
48.7263436393288458248207462  
48.5815866457336937855870929  
48.4291580564315609080949798  
48.2690819416637140193415689  
48.1013835793043256217060843  
47.9260894508687869119967218  
47.7432272373321495706477435  
47.5528258147576963210667600  
47.3549152497372389802876569  
47.1495267946432647931942483  
46.9366928826936984364692762  
46.7164471228306155126119847  
46.4888242944125877897931787  
46.2538603417229410297295544  
46.0115923682934990779358486  
45.7620586310459458445620839  
45.5052985342497962051311333  
45.2413526233010045984883618  
44.9702625783185254704221734  
44.6920712075632522441992478  
44.4068224406772316115166177  
44.1145613217476935119520931  
43.8153340021932251602265751  
43.5091877334763523776928196  
43.1961708596417608418960299  
42.8763328096826299429267237  
42.5497240897346316046423453  
42.2163962751008128293506161  
41.8764020021070706434329622  
41.5297949597906423946369614  
41.1766298814213982382170798  
40.8169625358592540464997001  
40.4508497187473423650772020  
40.0783492435439328005486459  
39.6995199323917873357459030  
39.3144216068309830802718352  
38.9231150783511310464746202  
38.5256621387895563657366438  
38.1221255505723988221689069  
37.7125690368052204348714440  
37.2970572712091694711489254  
36.8756558679087831364995509  
36.4484313710705691846669652  
36.0154512443953649381001014  
35.5767838604643102939917298  
35.1324984899425345474810456  
34.6826652906402230769344897  
34.2273552964344389692996629  
33.7666404060512590490361617  
33.3005933717126438864397642  
32.8292877876477788845477335  
32.3527980784722046792012407  
31.8711994874345023731621040  
31.3845680645350739723653533  
30.8929806545166556475123798  
30.3965148847303794354957063  
29.8952491528759480843291385  
29.3892626146236892736851587  
28.8786351711134443576156627  
28.3634474563379264111517841  
27.8437808244093858434098365  
27.3197173367134737986816617  
26.7913397489498841252952843  
26.2587314980648685036612733  
25.7219766890752872257053241  
25.1811600817880396618875238  
24.6363670774146115149960679  
24.0876837050858334521308279  
23.5351966082665740032098256  
22.9789930310743741870282975  
22.4191608045016295136520057  
21.8557883325466981716544979  
21.2889645782537186846639088  
20.7187790496643309268165467  
20.1453217856831301446618454  
19.5686833418601509038126096  
18.9889547760901251649556798  
18.4062276342340034318567632  
17.8205939356625115976839879  
17.2321461587258681902312674  
16.6409772261493813516608498  
16.0471804903605601566596306  
15.4508497187473281542224868  
14.8520790788517373925969878  
14.2509631234990088444192224  
13.6475967758663294659982057  
13.0420753144947809687437257  
12.4344943582427127637402009  
11.8249498511864175043228897  
11.2135380474691075392001949  
10.6003554961026456027184395  
9.9854990257204754300346394  
9.3690657292863956939754644  
8.7511529487638313185016159  
8.1318582597442468085091605  
7.5112794560379585462328578  
6.8895145342320471826269568  
6.2666616782152200215705307  
5.6428192436741309023773283  
5.0180857425608298427732734  
4.3925598275372825796125653  
3.7663402763966220554436859  
3.1395259764656935352888922  
2.5122159089885420790722037  
1.8845091334968300245122919  
1.2565047721668385349857999  
0.6283019941676342146053003  
0.0000000000000428626379702  
-0.6283019941675483943654967  
-1.2565047721667528257682989  
-1.8845091334967443152947908  
-2.5122159089884563698547026  
-3.1395259764656082701606010  
-3.7663402763965367903153947  
-4.3925598275371973144842741  
-5.0180857425607436894665625  
-5.6428192436740447490706174  
-6.2666616782151338682638197  
-6.8895145342317860581715649  
-7.5112794560378741692829863  
-8.1318582597441633197377087  
-8.7511529487637460533733247  
-9.3690657292861363458769119  
-9.9854990257203919412631876  
-10.6003554961025603375901483  
-11.2135380474690240504287431  
-11.8249498511861617089380161  
-12.4344943582426292749687491  
-13.0420753144946974799722739  
-13.6475967758662477535835933  
-14.2509631234987548253911882  
-14.8520790788516574565392148  
-15.4508497187472446654510350  
-16.0471804903604784442450182  
-16.6409772261492996392462373  
-17.2321461587257864778166550  
-17.8205939356624334379830543  
-18.4062276342339252721558296  
-18.9889547760900434525410674  
-19.5686833418600727441116760  
-20.1453217856830519849609118  
-20.7187790496642527671156131  
-21.2889645782534806528474292  
-21.8557883325466200119535642  
-22.4191608045015513539510721  
-22.9789930310742960273273638  
-23.5351966082664993962225708  
-24.0876837050857588451435731  
-24.6363670774145369080088130  
-25.1811600817879686076139478  
-25.7219766890752161714317481  
-26.2587314980647974493876973  
-26.7913397489498095183080295  
-27.3197173367133991916944069  
-27.8437808244093147891362605  
-28.3634474563378518041645293  
-28.8786351711133768560557655  
-29.3892626146236253248389403  
-29.8952491528758734773418837  
-30.3965148847303119339358091  
-30.8929806545165881459524826  
-31.3845680645350064708054560  
-31.8711994874344384243158856  
-32.3527980784721407303550222  
-32.8292877876477149357015151  
-33.3005933717125799375935458  
-33.7666404060511879947625857  
-34.2273552964343750204534444  
-34.6826652906401662335156288  
-35.1324984899424777040621848  
-35.5767838604642534505728690  
-36.0154512443953009892538830  
-36.4484313710705123412481043  
-36.8756558679087262930806901  
-37.2970572712091126277300646  
-37.7125690368051635914525832  
-38.1221255505723419787500461  
-38.5256621387894995223177830  
-38.9231150783510742030557594  
-39.3144216068309333422803320  
-39.6995199323917304923270422  
-40.0783492435438759571297851  
-40.4508497187472926270856988  
-40.8169625358592043085081968  
-41.1766298814213485002255766  
-41.5297949597905926566454582  
-41.8764020021070209054414590  
-42.2163962751007701967864705  
-42.5497240897345889720781997  
-42.8763328096825873103625781  
-43.1961708596417182093318843  
-43.5091877334763097451286740  
-43.8153340021931825276624295  
-44.1145613217476437739605899  
-44.4068224406771960843798297  
-44.6920712075632238224898174  
-44.9702625783184899432853854  
-45.2413526233009761767789314  
-45.5052985342497677834217029  
-45.7620586310459174228526535  
-46.0115923682934706562264182  
-46.2538603417229055025927664  
-46.4888242944125593680837483  
-46.7164471228305799854751967  
-46.9366928826936700147598458  
-47.1495267946432363714848179  
-47.3549152497372105585782265  
-47.5528258147576678993573296  
-47.7432272373321282543656707  
-47.9260894508688082282787946  
-48.1013835793042971999966539  
-48.2690819416636855976321385  
-48.4291580564315395918129070  
-48.5815866457336724693050201  
-48.7263436393288316139660310  
-48.8634061784096758174200659  
-48.9927526192123394821464899  
-49.1143625364344202921529359  
-49.2282167264602463774281205  
-49.3342972103934087613197335  
-49.4325872368956993341271300  
-49.5230712848325538288918324  
-49.6057350657238771418633405  
-49.6805655260004286333241907  
-49.7475508490650071280470002  
-49.8066804571586203564947937  
-49.8579450130306938149260532  
-49.9013364214135819452167198  
-49.9368478303008700436294021  
-49.9644736320294526876750751  
-49.9842094641649978825626022  
-49.9960522101908040326634364  
-50.0000000000000000000000000  
-49.9960522101908040326634364  
-49.9842094641650049879899598  
-49.9644736320294597931024327  
-49.9368478303008771490567597  
-49.9013364214135890506440774  
-49.8579450130306938149260532  
-49.8066804571586274619221513  
-49.7475508490650213389017154  
-49.6805655260004357387515483  
-49.6057350657238913527180557  
-49.5230712848325680397465476  
-49.4325872368957064395544876  
-49.3342972103934229721744487  
-49.2282167264602676937101933  
-49.1143625364344700301444391  
-48.9927526192123536930012051  
-48.8634061784096900282747811  
-48.7263436393288458248207462  
-48.5815866457337364181512385  
-48.4291580564315680135223374  
-48.2690819416637140193415689  
-48.1013835793043256217060843  
-47.9260894508688366499882250  
-47.7432272373321495706477435  
-47.5528258147576963210667600  
-47.3549152497372389802876569  
-47.1495267946432647931942483  
-46.9366928826936984364692762  
-46.7164471228306155126119847  
-46.4888242944125948952205363  
-46.2538603417229410297295544  
-46.0115923682934990779358486  
-45.7620586310459529499894415  
-45.5052985342497962051311333  
-45.2413526233010117039157194  
-44.9702625783185254704221734  
-44.6920712075632593496266054  
-44.4068224406772316115166177  
-44.1145613217476935119520931  
-43.8153340021932322656539327  
-43.5091877334763523776928196  
-43.1961708596417608418960299  
-42.8763328096826299429267237  
-42.5497240897346387100697029  
-42.2163962751008128293506161  
-41.8764020021070777488603198  
-41.5297949597906423946369614  
-41.1766298814214053436444374  
-40.8169625358592540464997001  
-40.4508497187473423650772020  
-40.0783492435439328005486459  
-39.6995199323917944411732606  
-39.3144216068309901856991928  
-38.9231150783511310464746202  
-38.5256621387895634711640014  
-38.1221255505724059275962645  
-37.7125690368052275402988016  
-37.2970572712091694711489254  
-36.8756558679087831364995509  
-36.4484313710705691846669652  
-36.0154512443953720435274590  
-35.5767838604643173994190875  
-35.1324984899425345474810456  
-34.6826652906402301823618473  
-34.2273552964344389692996629  
-33.7666404060512661544635193  
-33.3005933717126509918671218  
-32.8292877876477859899750911  
-32.3527980784722117846285983  
-31.8711994874345094785894617  
-31.3845680645350775250790321  
-30.8929806545166592002260586  
-30.3965148847303865409230639  
-29.8952491528759516370428173  
-29.3892626146236963791125163  
-28.8786351711134479103293415  
-28.3634474563379264111517841  
-27.8437808244093929488371941  
-27.3197173367134773513953405  
-26.7913397489498876780089631  
-26.2587314980648756090886309  
-25.7219766890752943311326817  
-25.1811600817880467673148814  
-24.6363670774146186204234255  
-24.0876837050858370048445067  
-23.5351966082665775559235044  
-22.9789930310743812924556551  
-22.4191608045016330663656845  
-21.8557883325467017243681767  
-21.2889645782535623652620416  
-20.7187790496643344795302255  
-20.1453217856831336973755242  
-19.5686833418601580092399672  
-18.9889547760901322703830374  
-18.4062276342340105372841208  
-17.8205939356625187031113455  
-17.2321461587258717429449462  
-16.6409772261493849043745286  
-16.0471804903605672620869882  
-15.4508497187473334832930050  
-14.8520790788517427216675060  
-14.2509631234988418668763188  
-13.6475967758663365714255633  
-13.0420753144947862978142439  
-12.4344943582427180928107191  
-11.8249498511862505267799861  
-11.2135380474691146446275525  
-10.6003554961026509317889577  
-9.9854990257204825354619970  
-9.3690657292862269400757214  
-8.7511529487638366475721341  
-8.1318582597442521375796787  
-7.5112794560379638753033760  
-6.8895145342318775405487941  
-6.2666616782152253506410489  
-5.6428192436741362314478465  
-5.0180857425608360600222113  
-4.3925598275371120493559829  
-3.7663402763966282726926238  
-3.1395259764656997525378301  
-2.5122159089885478522319318  
-1.8845091334966586060772897  
-1.2565047721668447522347378  
-0.6283019941676402098096332  
-0.0000000000000489858719659  
